SATISFACCION

Se han codificado las 9 restricciones del enunciado, en los comentarios del mzn se indica arriba de cada restriccion, a que apartado corresponde.

Para el fichero Ejemplo.dzn, encuentra la solucion en 295msec.

Para el modelo mas pequeño 3D6T.dzn, encuentra una solucion en 188msec.

El modelo 5D8T.dzn es insatisfactible y lo deduce en 26s 600msec.

Para el model 7D15T.dzn, encuentra una solucion en 2s 871msec.

Para el model 7D16T.dzn, encuentra una solucion en 465msec.

OPTIMIZACION

------------------------------- 1 -------------------------------

Para los turnos antiestres, se ha probado con el 7D15T.dzn, y encuentra la primera solucion en alrededor de 5 segundos 
Encuentra una solucion con 3 turnos anti estres en alrededor de 1 minuto 40 segundos
Acaba en 4m 35s sin encontrar una mejor solucion por lo que la que encontro de 3 es la optima

asig1 = 
[| 0, 0, 0, 0, 0, 0, 1, 0, 1, 0, 1, 0, 0, 0, 0
 | 0, 0, 0, 1, 0, 0, 0, 1, 0, 0, 0, 0, 0, 1, 0
 | 0, 0, 0, 1, 0, 0, 0, 1, 0, 0, 0, 0, 0, 1, 0
 | 1, 1, 1, 0, 0, 0, 0, 0, 0, 0, 0, 0, 0, 0, 0
 | 1, 1, 1, 0, 0, 0, 0, 0, 0, 0, 0, 0, 0, 0, 0
 | 1, 1, 1, 0, 0, 0, 0, 0, 0, 0, 0, 0, 0, 0, 0
 | 1, 1, 1, 0, 0, 0, 0, 0, 0, 0, 0, 0, 0, 0, 0
 |];
asig2 = 
[| 0, 0, 0, 1, 0, 1, 0, 1, 0, 0, 0, 0, 0, 1, 0
 | 0, 0, 0, 0, 1, 0, 0, 0, 0, 1, 0, 1, 0, 0, 1
 | 1, 1, 1, 0, 0, 0, 1, 0, 0, 0, 0, 0, 0, 0, 0
 | 0, 0, 0, 1, 0, 1, 0, 1, 0, 0, 0, 0, 0, 1, 0
 | 0, 0, 0, 1, 0, 1, 0, 1, 0, 0, 0, 0, 0, 1, 0
 | 0, 0, 0, 0, 1, 1, 0, 0, 0, 0, 0, 1, 0, 0, 1
 | 0, 0, 0, 0, 1, 1, 0, 0, 0, 0, 0, 1, 0, 0, 1
 |];
asig3 = 
[| 0, 0, 0, 0, 1, 0, 0, 0, 0, 1, 0, 1, 1, 0, 1
 | 1, 1, 1, 0, 0, 0, 1, 0, 1, 0, 0, 0, 0, 0, 0
 | 0, 0, 0, 0, 1, 1, 0, 0, 0, 1, 0, 1, 1, 0, 0
 | 0, 0, 0, 0, 0, 0, 1, 0, 1, 1, 1, 0, 1, 0, 0
 | 0, 0, 0, 0, 1, 0, 1, 0, 1, 0, 1, 0, 0, 0, 1
 | 0, 0, 0, 1, 0, 0, 0, 1, 0, 1, 0, 0, 1, 1, 0
 | 0, 0, 0, 0, 0, 0, 1, 0, 1, 1, 1, 0, 1, 0, 0
 |];
turnos = 
[| 0, 0, 0, 1, 1, 1, 1, 1, 1, 1, 1, 1, 1, 1, 1
 | 1, 1, 1, 1, 1, 0, 1, 1, 1, 1, 0, 1, 0, 1, 1
 | 1, 1, 1, 1, 1, 1, 1, 1, 0, 1, 0, 1, 1, 1, 0
 | 1, 1, 1, 1, 0, 1, 1, 1, 1, 1, 1, 0, 1, 1, 0
 | 1, 1, 1, 1, 1, 1, 1, 1, 1, 0, 1, 0, 0, 1, 1
 | 1, 1, 1, 1, 1, 1, 0, 1, 0, 1, 0, 1, 1, 1, 1
 | 1, 1, 1, 0, 1, 1, 1, 0, 1, 1, 1, 1, 1, 0, 1
 |];
_objective = 3;
----------
==========
Finished in 4m 35s.

Se ha probado con el 7D16T.dzn y encuentra una solucion con 6 en alrededor de 4 minutos
Pero no encuentra ninguna mejor en 12 minutos

asig1 = 
[| 0, 0, 0, 0, 0, 0, 0, 1, 0, 1, 0, 0, 1, 0, 0, 0
 | 0, 0, 0, 0, 0, 0, 0, 1, 0, 1, 0, 0, 1, 0, 0, 0
 | 0, 0, 0, 1, 1, 1, 0, 0, 0, 0, 0, 0, 0, 0, 0, 0
 | 0, 0, 0, 1, 1, 1, 0, 0, 0, 0, 0, 0, 0, 0, 0, 0
 | 1, 1, 1, 0, 0, 0, 0, 0, 0, 0, 0, 0, 0, 0, 0, 0
 | 1, 1, 1, 0, 0, 0, 0, 0, 0, 0, 0, 0, 0, 0, 0, 0
 | 1, 1, 1, 0, 0, 0, 0, 0, 0, 0, 0, 0, 0, 0, 0, 0
 |];
asig2 = 
[| 0, 1, 1, 1, 0, 0, 0, 0, 1, 0, 0, 0, 0, 0, 0, 0
 | 0, 0, 0, 0, 0, 0, 0, 0, 1, 0, 0, 1, 0, 0, 1, 1
 | 0, 1, 0, 0, 0, 0, 0, 1, 0, 1, 0, 0, 1, 0, 0, 0
 | 1, 0, 0, 0, 0, 0, 0, 1, 0, 1, 0, 0, 1, 0, 0, 0
 | 0, 0, 0, 1, 1, 1, 0, 0, 0, 0, 0, 0, 0, 1, 0, 0
 | 0, 0, 0, 1, 1, 1, 0, 0, 0, 0, 0, 0, 0, 1, 0, 0
 | 0, 0, 0, 0, 0, 0, 1, 0, 1, 0, 0, 1, 0, 0, 1, 0
 |];
asig3 = 
[| 0, 0, 0, 0, 1, 1, 0, 0, 0, 0, 1, 0, 0, 1, 0, 0
 | 1, 1, 1, 0, 0, 0, 1, 0, 0, 0, 0, 0, 0, 0, 0, 0
 | 0, 0, 1, 0, 0, 0, 0, 0, 1, 0, 0, 1, 0, 0, 1, 0
 | 0, 0, 0, 0, 0, 0, 1, 0, 1, 0, 1, 0, 0, 1, 0, 0
 | 0, 0, 0, 0, 0, 0, 0, 1, 0, 1, 0, 0, 1, 0, 0, 1
 | 0, 0, 0, 0, 0, 0, 0, 0, 1, 0, 0, 1, 0, 0, 1, 1
 | 0, 0, 0, 1, 1, 1, 0, 0, 0, 0, 1, 0, 0, 0, 0, 0
 |];
turnos = 
[| 0, 1, 1, 1, 1, 1, 0, 1, 1, 1, 1, 0, 1, 1, 0, 0
 | 1, 1, 1, 0, 0, 0, 1, 1, 1, 1, 0, 1, 1, 0, 1, 1
 | 0, 1, 1, 1, 1, 1, 0, 1, 1, 1, 0, 1, 1, 0, 1, 0
 | 1, 0, 0, 1, 1, 1, 1, 1, 1, 1, 1, 0, 1, 1, 0, 0
 | 1, 1, 1, 1, 1, 1, 0, 1, 0, 1, 0, 0, 1, 1, 0, 1
 | 1, 1, 1, 1, 1, 1, 0, 0, 1, 0, 0, 1, 0, 1, 1, 1
 | 1, 1, 1, 1, 1, 1, 1, 0, 1, 0, 1, 1, 0, 0, 1, 0
 |];
_objective = 6;
----------
Stopped.
=====UNKNOWN=====
Finished in 11m 42s.

------------------------------- 2 -------------------------------

Primero probamos con turnos-dobles-1.mzn y encuentra la solucion optima con 2

asig1 = 
[| 0, 0, 1, 0, 0, 0
 | 1, 0, 0, 0, 0, 0
 | 1, 0, 0, 0, 0, 0
 |];
asig2 = 
[| 0, 0, 1, 0, 0, 0
 | 0, 0, 0, 1, 0, 0
 | 0, 0, 1, 0, 0, 0
 |];
asig3 = 
[| 0, 1, 0, 0, 0, 0
 | 0, 0, 0, 1, 0, 0
 | 0, 1, 0, 0, 0, 0
 |];
turnos = 
[| 0, 1, 2, 0, 0, 0
 | 1, 0, 0, 2, 0, 0
 | 1, 1, 1, 0, 0, 0
 |];
_objective = 2;
----------
==========
Finished in 204msec.

Luego probamos con turnos-dobles-2.dzn, y encuentra una solucion con 13 casi de inmediato pero no encuentra mas

asig1 = 
[| 0, 0, 0, 1, 0, 0, 0, 1, 0, 0, 0, 0, 0, 1, 0
 | 1, 1, 1, 0, 0, 0, 0, 0, 0, 0, 0, 0, 0, 0, 0
 | 1, 1, 1, 0, 0, 0, 0, 0, 0, 0, 0, 0, 0, 0, 0
 | 1, 1, 1, 0, 0, 0, 0, 0, 0, 0, 0, 0, 0, 0, 0
 | 1, 1, 1, 0, 0, 0, 0, 0, 0, 0, 0, 0, 0, 0, 0
 | 1, 1, 1, 0, 0, 0, 0, 0, 0, 0, 0, 0, 0, 0, 0
 | 1, 1, 1, 0, 0, 0, 0, 0, 0, 0, 0, 0, 0, 0, 0
 |];
asig2 = 
[| 0, 0, 1, 1, 0, 0, 0, 0, 0, 0, 0, 0, 1, 1, 0
 | 0, 0, 0, 0, 1, 1, 0, 0, 0, 0, 0, 1, 0, 0, 1
 | 0, 0, 0, 1, 0, 0, 0, 0, 1, 0, 1, 0, 0, 1, 0
 | 0, 0, 0, 0, 0, 0, 0, 1, 0, 1, 0, 0, 1, 1, 0
 | 0, 0, 0, 0, 0, 1, 0, 0, 0, 0, 0, 1, 1, 1, 0
 | 0, 0, 0, 0, 0, 0, 0, 1, 0, 1, 0, 0, 1, 1, 0
 | 0, 0, 0, 0, 1, 1, 0, 0, 1, 1, 0, 0, 0, 0, 0
 |];
asig3 = 
[| 0, 0, 0, 0, 1, 1, 0, 0, 0, 1, 0, 1, 1, 0, 0
 | 0, 0, 0, 0, 1, 1, 1, 0, 1, 0, 1, 0, 0, 0, 0
 | 0, 0, 0, 0, 0, 0, 1, 0, 1, 1, 1, 0, 1, 0, 0
 | 0, 0, 0, 0, 1, 1, 0, 0, 0, 1, 0, 1, 0, 0, 1
 | 0, 0, 0, 0, 1, 0, 1, 0, 1, 0, 1, 0, 0, 0, 1
 | 0, 0, 0, 1, 0, 1, 0, 0, 0, 0, 0, 1, 1, 1, 0
 | 0, 0, 0, 1, 0, 1, 0, 1, 1, 1, 0, 0, 0, 0, 0
 |];
turnos = 
[| 0, 0, 1, 2, 1, 1, 0, 1, 0, 1, 0, 1, 2, 2, 0
 | 1, 1, 1, 0, 2, 2, 1, 0, 1, 0, 1, 1, 0, 0, 1
 | 1, 1, 1, 1, 0, 0, 1, 0, 2, 1, 2, 0, 1, 1, 0
 | 1, 1, 1, 0, 1, 1, 0, 1, 0, 2, 0, 1, 1, 1, 1
 | 1, 1, 1, 0, 1, 1, 1, 0, 1, 0, 1, 1, 1, 1, 1
 | 1, 1, 1, 1, 0, 1, 0, 1, 0, 1, 0, 1, 2, 2, 0
 | 1, 1, 1, 1, 1, 2, 0, 1, 2, 2, 0, 0, 0, 0, 0
 |];
_objective = 13;
----------
Stopped.
=====UNKNOWN=====
Finished in 7m 19s.

------------------------------- 3 -------------------------------

Primero probamos con dias-libres-1.mzn y encuentra la solucion optima en la que solo incumplimos una solicitud, 
como solo es un incumplimiento, no hay mejor forma de repartirla, entonces nos saltamos el segundo paso

asig1 = 
[| 0, 1, 0, 0, 0, 0
 | 1, 0, 0, 0, 0, 0
 | 1, 0, 0, 0, 0, 0
 |];
asig2 = 
[| 1, 0, 0, 0, 0, 0
 | 0, 0, 0, 0, 1, 0
 | 0, 0, 1, 0, 0, 0
 |];
asig3 = 
[| 0, 0, 0, 0, 1, 0
 | 0, 0, 1, 0, 0, 0
 | 0, 1, 0, 0, 0, 0
 |];
turnos = 
[| 1, 1, 0, 0, 1, 0
 | 1, 0, 1, 0, 1, 0
 | 1, 1, 1, 0, 0, 0
 |];
_objective = 1;
----------
==========
Finished in 206msec.

Luego con el dias-libres-2.dzn, lo ejecutamos por 16 minutos y lo mejor que encuentra son 35 incumplimientos

asig1 = 
[| 0, 0, 0, 0, 0, 0, 1, 0, 1, 0, 1, 0, 0, 0, 0
 | 1, 1, 1, 0, 0, 0, 0, 0, 0, 0, 0, 0, 0, 0, 0
 | 1, 1, 1, 0, 0, 0, 0, 0, 0, 0, 0, 0, 0, 0, 0
 | 1, 1, 1, 0, 0, 0, 0, 0, 0, 0, 0, 0, 0, 0, 0
 | 1, 1, 1, 0, 0, 0, 0, 0, 0, 0, 0, 0, 0, 0, 0
 | 1, 1, 1, 0, 0, 0, 0, 0, 0, 0, 0, 0, 0, 0, 0
 | 1, 1, 1, 0, 0, 0, 0, 0, 0, 0, 0, 0, 0, 0, 0
 |];
asig2 = 
[| 0, 1, 1, 0, 1, 0, 0, 0, 0, 0, 0, 0, 0, 0, 1
 | 0, 0, 0, 0, 1, 1, 0, 0, 0, 0, 0, 1, 0, 0, 1
 | 0, 0, 0, 0, 0, 1, 0, 0, 0, 0, 0, 1, 1, 1, 0
 | 0, 0, 0, 0, 1, 1, 0, 0, 0, 0, 0, 1, 0, 0, 1
 | 0, 0, 0, 1, 0, 1, 0, 1, 0, 0, 0, 0, 0, 1, 0
 | 0, 0, 0, 0, 1, 1, 0, 0, 1, 0, 1, 0, 0, 0, 0
 | 0, 0, 0, 1, 0, 1, 0, 1, 0, 0, 0, 0, 0, 1, 0
 |];
asig3 = 
[| 0, 0, 0, 1, 0, 1, 0, 1, 0, 1, 0, 1, 0, 0, 0
 | 0, 0, 0, 1, 0, 0, 0, 1, 0, 1, 0, 0, 1, 1, 0
 | 0, 0, 0, 0, 1, 0, 1, 0, 1, 0, 1, 0, 0, 0, 1
 | 0, 0, 0, 1, 0, 0, 0, 1, 0, 1, 0, 0, 1, 1, 0
 | 0, 0, 0, 0, 1, 0, 1, 0, 1, 0, 1, 0, 0, 0, 1
 | 0, 0, 0, 0, 0, 0, 0, 1, 0, 1, 0, 1, 1, 1, 0
 | 0, 0, 0, 0, 1, 0, 1, 0, 1, 0, 1, 0, 0, 0, 1
 |];
turnos = 
[| 0, 1, 1, 1, 1, 1, 1, 1, 1, 1, 1, 1, 0, 0, 1
 | 1, 1, 1, 1, 1, 1, 0, 1, 0, 1, 0, 1, 1, 1, 1
 | 1, 1, 1, 0, 1, 1, 1, 0, 1, 0, 1, 1, 1, 1, 1
 | 1, 1, 1, 1, 1, 1, 0, 1, 0, 1, 0, 1, 1, 1, 1
 | 1, 1, 1, 1, 1, 1, 1, 1, 1, 0, 1, 0, 0, 1, 1
 | 1, 1, 1, 0, 1, 1, 0, 1, 1, 1, 1, 1, 1, 1, 0
 | 1, 1, 1, 1, 1, 1, 1, 1, 1, 0, 1, 0, 0, 1, 1
 |];
_objective = 35;
----------
Stopped.
=====UNKNOWN=====
Finished in 16m 37s.

Luego hacemos el segundo paso y encontramos una solucion que reparte los incumplimientos de manera equitativa

asig1 = 
[| 0, 0, 0, 0, 0, 0, 1, 0, 1, 0, 1, 0, 0, 0, 0
 | 0, 0, 0, 0, 0, 0, 1, 0, 1, 0, 1, 0, 0, 0, 0
 | 0, 0, 0, 0, 0, 0, 1, 0, 1, 0, 1, 0, 0, 0, 0
 | 1, 1, 1, 0, 0, 0, 0, 0, 0, 0, 0, 0, 0, 0, 0
 | 1, 1, 1, 0, 0, 0, 0, 0, 0, 0, 0, 0, 0, 0, 0
 | 1, 1, 1, 0, 0, 0, 0, 0, 0, 0, 0, 0, 0, 0, 0
 | 1, 1, 1, 0, 0, 0, 0, 0, 0, 0, 0, 0, 0, 0, 0
 |];
asig2 = 
[| 0, 1, 1, 1, 0, 0, 0, 1, 0, 0, 0, 0, 0, 0, 0
 | 0, 0, 0, 0, 0, 1, 0, 0, 0, 0, 0, 1, 1, 1, 0
 | 0, 1, 1, 1, 0, 0, 0, 1, 0, 0, 0, 0, 0, 0, 0
 | 0, 0, 0, 0, 1, 1, 0, 0, 0, 0, 0, 1, 0, 0, 1
 | 0, 0, 0, 1, 0, 1, 0, 1, 0, 0, 0, 0, 0, 1, 0
 | 0, 0, 0, 0, 1, 1, 0, 0, 1, 0, 1, 0, 0, 0, 0
 | 0, 0, 0, 0, 0, 1, 0, 0, 0, 0, 0, 1, 1, 1, 0
 |];
asig3 = 
[| 0, 0, 0, 0, 1, 1, 0, 0, 0, 1, 0, 1, 0, 0, 1
 | 1, 1, 1, 1, 0, 0, 0, 1, 0, 0, 0, 0, 0, 0, 0
 | 0, 0, 0, 0, 1, 1, 0, 0, 0, 1, 0, 1, 1, 0, 0
 | 0, 0, 0, 1, 0, 0, 0, 1, 0, 1, 0, 0, 1, 1, 0
 | 0, 0, 0, 0, 1, 0, 1, 0, 1, 0, 1, 0, 0, 0, 1
 | 0, 0, 0, 0, 0, 0, 0, 1, 0, 1, 0, 1, 1, 1, 0
 | 0, 0, 0, 0, 1, 0, 1, 0, 1, 0, 1, 0, 0, 0, 1
 |];
turnos = 
[| 0, 1, 1, 1, 1, 1, 1, 1, 1, 1, 1, 1, 0, 0, 1
 | 1, 1, 1, 1, 0, 1, 1, 1, 1, 0, 1, 1, 1, 1, 0
 | 0, 1, 1, 1, 1, 1, 1, 1, 1, 1, 1, 1, 1, 0, 0
 | 1, 1, 1, 1, 1, 1, 0, 1, 0, 1, 0, 1, 1, 1, 1
 | 1, 1, 1, 1, 1, 1, 1, 1, 1, 0, 1, 0, 0, 1, 1
 | 1, 1, 1, 0, 1, 1, 0, 1, 1, 1, 1, 1, 1, 1, 0
 | 1, 1, 1, 0, 1, 1, 1, 0, 1, 0, 1, 1, 1, 1, 1
 |];
_objective = 3;
----------
Stopped.
=====UNKNOWN=====
Finished in 5m 41s.

------------------------------- 4 -------------------------------

Probamos primero el turnos-desf-1.dzn y obtenemos una solucion en la que se cumplen todas las solicitudes, claramente es la optima

asig1 = 
[| 0, 0, 1, 0, 0, 0
 | 1, 0, 0, 0, 0, 0
 | 1, 0, 0, 0, 0, 0
 |];
asig2 = 
[| 1, 0, 0, 0, 0, 0
 | 0, 1, 0, 0, 0, 0
 | 0, 0, 1, 0, 0, 0
 |];
asig3 = 
[| 0, 1, 0, 0, 0, 0
 | 0, 0, 1, 0, 0, 0
 | 0, 1, 0, 0, 0, 0
 |];
turnos = 
[| 1, 1, 1, 0, 0, 0
 | 1, 1, 1, 0, 0, 0
 | 1, 1, 1, 0, 0, 0
 |];
_objective = 0;
----------
==========
Finished in 203msec.

Luego prbamos turnos-desf-2.dzn y encontramos una solucion con 8 incumplimientos

asig1 = 
[| 1, 1, 1, 0, 0, 0, 0, 0, 0, 0, 0, 0, 0, 0, 0
 | 1, 1, 1, 0, 0, 0, 0, 0, 0, 0, 0, 0, 0, 0, 0
 | 1, 1, 1, 0, 0, 0, 0, 0, 0, 0, 0, 0, 0, 0, 0
 | 1, 1, 1, 0, 0, 0, 0, 0, 0, 0, 0, 0, 0, 0, 0
 | 1, 1, 1, 0, 0, 0, 0, 0, 0, 0, 0, 0, 0, 0, 0
 | 1, 1, 1, 0, 0, 0, 0, 0, 0, 0, 0, 0, 0, 0, 0
 | 1, 1, 1, 0, 0, 0, 0, 0, 0, 0, 0, 0, 0, 0, 0
 |];
asig2 = 
[| 0, 0, 0, 0, 1, 1, 0, 0, 1, 0, 1, 0, 0, 0, 0
 | 0, 0, 0, 0, 1, 1, 0, 0, 0, 1, 0, 1, 0, 0, 0
 | 0, 0, 0, 0, 1, 0, 0, 0, 0, 1, 0, 1, 0, 0, 1
 | 0, 0, 0, 1, 0, 1, 0, 1, 0, 0, 0, 0, 0, 1, 0
 | 0, 0, 0, 0, 1, 0, 1, 0, 0, 0, 1, 0, 0, 0, 1
 | 0, 0, 0, 1, 0, 1, 0, 1, 0, 0, 0, 0, 0, 1, 0
 | 0, 0, 0, 1, 0, 0, 0, 1, 1, 1, 0, 0, 0, 0, 0
 |];
asig3 = 
[| 0, 0, 0, 1, 0, 0, 0, 1, 0, 1, 0, 0, 1, 1, 0
 | 0, 0, 0, 0, 0, 0, 1, 0, 1, 0, 1, 0, 1, 1, 0
 | 0, 0, 0, 1, 0, 1, 1, 0, 1, 0, 1, 0, 0, 0, 0
 | 0, 0, 0, 0, 1, 0, 0, 0, 0, 1, 0, 1, 1, 0, 1
 | 0, 0, 0, 0, 0, 1, 0, 0, 0, 1, 0, 1, 1, 1, 0
 | 0, 0, 0, 0, 1, 0, 1, 0, 1, 0, 1, 0, 0, 0, 1
 | 0, 0, 0, 0, 1, 1, 0, 0, 0, 0, 1, 0, 1, 1, 0
 |];
turnos = 
[| 1, 1, 1, 1, 1, 1, 0, 1, 1, 1, 1, 0, 1, 1, 0
 | 1, 1, 1, 0, 1, 1, 1, 0, 1, 1, 1, 1, 1, 1, 0
 | 1, 1, 1, 1, 1, 1, 1, 0, 1, 1, 1, 1, 0, 0, 1
 | 1, 1, 1, 1, 1, 1, 0, 1, 0, 1, 0, 1, 1, 1, 1
 | 1, 1, 1, 0, 1, 1, 1, 0, 0, 1, 1, 1, 1, 1, 1
 | 1, 1, 1, 1, 1, 1, 1, 1, 1, 0, 1, 0, 0, 1, 1
 | 1, 1, 1, 1, 1, 1, 0, 1, 1, 1, 1, 0, 1, 1, 0
 |];
_objective = 8;
----------
Stopped.
=====UNKNOWN=====
Finished in 1m 4s.

Y encontramos una solucion que los reparte entre todos los empleados

asig1 = 
[| 1, 1, 1, 0, 0, 0, 0, 0, 0, 0, 0, 0, 0, 0, 0
 | 1, 1, 1, 0, 0, 0, 0, 0, 0, 0, 0, 0, 0, 0, 0
 | 1, 1, 1, 0, 0, 0, 0, 0, 0, 0, 0, 0, 0, 0, 0
 | 1, 1, 1, 0, 0, 0, 0, 0, 0, 0, 0, 0, 0, 0, 0
 | 1, 1, 1, 0, 0, 0, 0, 0, 0, 0, 0, 0, 0, 0, 0
 | 1, 1, 1, 0, 0, 0, 0, 0, 0, 0, 0, 0, 0, 0, 0
 | 1, 1, 1, 0, 0, 0, 0, 0, 0, 0, 0, 0, 0, 0, 0
 |];
asig2 = 
[| 0, 0, 0, 0, 1, 1, 0, 0, 0, 0, 0, 1, 0, 0, 1
 | 0, 0, 0, 0, 0, 1, 0, 0, 0, 0, 0, 1, 1, 1, 0
 | 0, 0, 0, 0, 0, 0, 0, 1, 0, 1, 0, 0, 1, 1, 0
 | 0, 0, 0, 0, 1, 1, 0, 0, 0, 0, 0, 1, 0, 0, 1
 | 0, 0, 0, 0, 0, 1, 0, 0, 1, 0, 1, 0, 0, 1, 0
 | 0, 0, 0, 1, 0, 1, 0, 1, 0, 0, 0, 0, 0, 1, 0
 | 0, 0, 0, 0, 0, 0, 0, 1, 0, 1, 0, 0, 1, 1, 0
 |];
asig3 = 
[| 0, 0, 0, 1, 0, 0, 0, 1, 0, 1, 0, 0, 1, 1, 0
 | 0, 0, 0, 0, 1, 0, 1, 0, 1, 0, 1, 0, 0, 0, 1
 | 0, 0, 0, 1, 0, 1, 1, 0, 1, 0, 1, 0, 0, 0, 0
 | 0, 0, 0, 1, 0, 0, 0, 1, 0, 1, 0, 0, 1, 1, 0
 | 0, 0, 0, 0, 1, 0, 0, 0, 0, 1, 0, 1, 1, 0, 1
 | 0, 0, 0, 0, 1, 0, 1, 0, 1, 0, 1, 0, 0, 0, 1
 | 0, 0, 0, 1, 0, 1, 1, 0, 1, 0, 1, 0, 0, 0, 0
 |];
turnos = 
[| 1, 1, 1, 1, 1, 1, 0, 1, 0, 1, 0, 1, 1, 1, 1
 | 1, 1, 1, 0, 1, 1, 1, 0, 1, 0, 1, 1, 1, 1, 1
 | 1, 1, 1, 1, 0, 1, 1, 1, 1, 1, 1, 0, 1, 1, 0
 | 1, 1, 1, 1, 1, 1, 0, 1, 0, 1, 0, 1, 1, 1, 1
 | 1, 1, 1, 0, 1, 1, 0, 0, 1, 1, 1, 1, 1, 1, 1
 | 1, 1, 1, 1, 1, 1, 1, 1, 1, 0, 1, 0, 0, 1, 1
 | 1, 1, 1, 1, 0, 1, 1, 1, 1, 1, 1, 0, 1, 1, 0
 |];
_objective = 1;
----------
==========
Finished in 15s 871msec.